7010115060
7010115061
7010115062
7010115063
7010115064
7010115065
7010115066
7010115067
7010115068
7010115069
7010115088
7010115084
7010115085
7010115087
7010115089
7010115090
7010115091
7010115092
7010115094
7010215095
7010215096
7010215097
7010215098
7010215099
7010215100
7010215101
7010315106
7010315108
7010315110
7010415112
7010415113
7010415116
7010415117
7010415118
7010415119
7010415120
7010415122
7010515124
7010515126
7010515128
7010515129
7010515130
7010515131
7110115236
7110115237
7110115238
7110115239
7110115240
7110215242
7110215243
7110215246
