bright
                                                   
                                                   
                                                   
                                                   
                                                   
                            11                     
                           111                     
                          1111                     
                         11111                     
        xxax            111111                     
                       1111111                     
    <               ^ 11111111                     
    2         A     2111111111        3            
000000000000000000000000000000000000000000000000000
000000000000000000000000000000000000000000000000000