bright
                                   
                                   
                                   
                                   
                                   
            11                     
           111                     
          1111                     
         11111                     
        111111                     
       1111111                     
    < 11111111                     
    2111111111        3            
00000000000000000000000000000000000
00000000000000000000000000000000000